# List[8] of numbers in binary
0 0 0 0 0 0 0 0
0 0 0 0 0 1 1 0
0 0 0 0 1 1 0 0
0 0 0 1 0 0 1 0
0 0 0 1 1 0 0 0
0 0 0 1 1 1 1 0
0 0 1 0 0 1 0 0
0 0 1 0 1 0 1 0
0 0 1 1 0 0 0 0
0 0 1 1 0 1 1 0
0 0 1 1 1 1 0 0
0 1 0 0 0 0 1 0
0 1 0 0 1 0 0 0
0 1 0 0 1 1 1 0
0 1 0 1 0 1 0 0
0 1 0 1 1 0 1 0
0 1 1 0 0 0 0 0
0 1 1 0 0 1 1 0
0 1 1 0 1 1 0 0
0 1 1 1 0 0 1 0
0 1 1 1 1 0 0 0
0 1 1 1 1 1 1 0
1 0 0 0 0 1 0 0
1 0 0 0 1 0 1 0
1 0 0 1 0 0 0 0
1 0 0 1 0 1 1 0
1 0 0 1 1 1 0 0
1 0 1 0 0 0 1 0
1 0 1 0 1 0 0 0
1 0 1 0 1 1 1 0
1 0 1 1 0 1 0 0
1 0 1 1 1 0 1 0
1 1 0 0 0 0 0 0
1 1 0 0 0 1 1 0
1 1 0 0 1 1 0 0
1 1 0 1 0 0 1 0
1 1 0 1 1 0 0 0
1 1 0 1 1 1 1 0
1 1 1 0 0 1 0 0
1 1 1 0 1 0 1 0
1 1 1 1 0 0 0 0
1 1 1 1 0 1 1 0
1 1 1 1 1 1 0 0
